<?xml version="1.0" encoding="UTF-8" standalone="no" ?>
<SimscapeMultibodyImportXML version="2.0" xmlns="urn:mathworks:SimscapeMultibody:import" xmlns:xsi="http://www.w3.org/2001/XMLSchema-instance">
<Created by="" on="01/25/24||12:57:17" using="Simscape Multibody Link Version 7.4" from="SolidWorks 27.5.0"/>
<ModelUnits mass="kilogram" length="meter"/>
<DataUnits mass="kilogram" length="meter"/>
<RootAssembly name="" uid="" version="139">
<AssemblyFile name="" type="SolidWorks Assembly"/>
<InstanceTree>
<Instance name="Assembly-1" uid="Assembly-1" grounded="true" entityUid="Assembly" rigid="true">
<Transform>
<Rotation>1 0 0 0 1 0 0 0 1</Rotation>
<Translation>0.17044951365007999 0.25060723389643197 0.26124330386452049</Translation>
</Transform>
<Instance name="GPS adapter-1" uid="GPS adapter-1" grounded="true" entityUid="GPS adapter*:*Default">
<Transform>
<Rotation>0 0 1 0.52901949145491678 -0.84860967332501069 0 0.84860967332501069 0.52901949145491678 0</Rotation>
<Translation>-5.0000000000050004e-05 0.025435834087983833 -0.0073877571981679213</Translation>
</Transform>
</Instance>
<Instance name="GPS base-1" uid="GPS base-1" grounded="true" entityUid="GPS base*:*Default">
<Transform>
<Rotation>1 0 0 0 1 0 0 0 1</Rotation>
<Translation>0 0 0</Translation>
</Transform>
</Instance>
<Instance name="GPS mount-1" uid="GPS mount-1" grounded="true" entityUid="GPS mount*:*Default">
<Transform>
<Rotation>0.77505704698996702 0 0.63189126747502367 -0.33428279697443947 0.84860967332501092 0.41002028484718145 -0.53622904206890698 -0.52901949145491622 0.65772090745440359</Rotation>
<Translation>-5.0000000000050004e-05 0.10562944821719761 -0.057380099140657614</Translation>
</Transform>
</Instance>
<Instance name="GPS long rod-1" uid="GPS long rod-1" grounded="true" entityUid="GPS long rod*:*Default">
<Transform>
<Rotation>2.2204460492502805e-16 -5.5511151231257117e-16 1 -0.52901949145491611 0.84860967332501125 5.8853892310027009e-16 -0.84860967332501125 -0.52901949145491611 -1.0523561029535639e-16</Rotation>
<Translation>-5.000000000007776e-05 0.061926050040959524 -0.030135595330729542</Translation>
</Transform>
</Instance>
<Instance name="GPS screw cap-1" uid="GPS screw cap-1" grounded="true" entityUid="GPS screw cap*:*Default">
<Transform>
<Rotation>-0.98644208848462556 -1.7173762412170406e-15 -0.16410973787709895 0.086817250074540955 0.84860967332501125 -0.5218470919998619 0.13926511104933914 -0.52901949145491611 -0.83710429846297973</Rotation>
<Translation>-5.000000000007776e-05 0.032077402003136246 -0.011528081061282253</Translation>
</Transform>
</Instance>
<Instance name="GPS-1" uid="GPS-1" grounded="true" entityUid="GPS*:*Default">
<Transform>
<Rotation>1 2.5815129788942205e-16 -2.1978683950167454e-16 -1.0279816650871179e-16 0.84860967332501125 0.52901949145491611 3.2308030639854005e-16 -0.52901949145491611 0.84860967332501125</Rotation>
<Translation>-5.0000000000050004e-05 0.10562944821719739 -0.057380099140657698</Translation>
</Transform>
</Instance>
</Instance>
<Instance name="TURNIGY - ESC Plush 30A-1" uid="TURNIGY - ESC Plush 30A-1" grounded="true" entityUid="TURNIGY - ESC Plush 30A" rigid="true">
<Transform>
<Rotation>1 0 0 0 9.5635305230601407e-15 1 0 -1 9.5635305230601407e-15</Rotation>
<Translation>0.18849450070309401 0.24942223389642798 0.43204339067991404</Translation>
</Transform>
<Instance name="Cable_2-SA_ESC plush 30A (RENDER)-1" uid="Cable_2-SA_ESC plush 30A (RENDER)-1" grounded="true" entityUid="Cable_2-SA_ESC plush 30A (RENDER)" rigid="true">
<Transform>
<Rotation>1 0 0 0 1 0 0 0 1</Rotation>
<Translation>0 0 0</Translation>
</Transform>
<Instance name="Cble^Cable_2-SA_ESC plush 30A (RENDER)-1" uid="Cble^Cable_2-SA_ESC plush 30A (RENDER)-1" grounded="true" entityUid="Cble^Cable_2-SA_ESC plush 30A (RENDER)*:*Default">
<Transform>
<Rotation>1 0 0 0 1 0 0 0 1</Rotation>
<Translation>0 0 0</Translation>
</Transform>
</Instance>
</Instance>
<Instance name="Cable_1-SA_ESC plush 30A (RENDER)-1" uid="Cable_1-SA_ESC plush 30A (RENDER)-1" grounded="true" entityUid="Cable_1-SA_ESC plush 30A (RENDER)" rigid="true">
<Transform>
<Rotation>1 0 0 0 1 0 0 0 1</Rotation>
<Translation>0 0 0</Translation>
</Transform>
<Instance name="Cble^Cable_1-SA_ESC plush 30A (RENDER)-1" uid="Cble^Cable_1-SA_ESC plush 30A (RENDER)-1" grounded="true" entityUid="Cble^Cable_1-SA_ESC plush 30A (RENDER)*:*Default">
<Transform>
<Rotation>1 0 0 0 1 0 0 0 1</Rotation>
<Translation>0 0 0</Translation>
</Transform>
</Instance>
</Instance>
<Instance name="Cable_3-SA_ESC plush 30A (RENDER)-1" uid="Cable_3-SA_ESC plush 30A (RENDER)-1" grounded="true" entityUid="Cable_3-SA_ESC plush 30A (RENDER)" rigid="true">
<Transform>
<Rotation>1 0 0 0 1 0 0 0 1</Rotation>
<Translation>0 0 0</Translation>
</Transform>
<Instance name="Cble^Cable_3-SA_ESC plush 30A (RENDER)-1" uid="Cble^Cable_3-SA_ESC plush 30A (RENDER)-1" grounded="true" entityUid="Cble^Cable_3-SA_ESC plush 30A (RENDER)*:*Default">
<Transform>
<Rotation>1 0 0 0 1 0 0 0 1</Rotation>
<Translation>0 0 0</Translation>
</Transform>
</Instance>
</Instance>
<Instance name="Cable_5-SA_ESC plush 30A (RENDER)-1" uid="Cable_5-SA_ESC plush 30A (RENDER)-1" grounded="true" entityUid="Cable_5-SA_ESC plush 30A (RENDER)" rigid="true">
<Transform>
<Rotation>1 0 0 0 1 0 0 0 1</Rotation>
<Translation>0 0 0</Translation>
</Transform>
<Instance name="Cble^Cable_5-SA_ESC plush 30A (RENDER)-1" uid="Cble^Cable_5-SA_ESC plush 30A (RENDER)-1" grounded="true" entityUid="Cble^Cable_5-SA_ESC plush 30A (RENDER)*:*Default">
<Transform>
<Rotation>1 0 0 0 1 0 0 0 1</Rotation>
<Translation>0 0 0</Translation>
</Transform>
</Instance>
</Instance>
<Instance name="Cable_4-SA_ESC plush 30A (RENDER)-1" uid="Cable_4-SA_ESC plush 30A (RENDER)-1" grounded="true" entityUid="Cable_4-SA_ESC plush 30A (RENDER)" rigid="true">
<Transform>
<Rotation>1 0 0 0 1 0 0 0 1</Rotation>
<Translation>0 0 0</Translation>
</Transform>
<Instance name="Cble^Cable_4-SA_ESC plush 30A (RENDER)-1" uid="Cble^Cable_4-SA_ESC plush 30A (RENDER)-1" grounded="true" entityUid="Cble^Cable_4-SA_ESC plush 30A (RENDER)*:*Default">
<Transform>
<Rotation>1 0 0 0 1 0 0 0 1</Rotation>
<Translation>0 0 0</Translation>
</Transform>
</Instance>
</Instance>
<Instance name="ESC 30A body-1" uid="ESC 30A body-1" grounded="true" entityUid="ESC 30A body*:*Default">
<Transform>
<Rotation>1 0 0 0 1 0 0 0 1</Rotation>
<Translation>0 0 0</Translation>
</Transform>
</Instance>
<Instance name="wirefemalered-2" uid="wirefemalered-2" grounded="true" entityUid="wirefemalered*:*Default">
<Transform>
<Rotation>-0.59065110625390083 -4.7612121464523595e-16 -0.80692705412635868 -0.80692705412635868 5.6761807329409134e-16 0.59065110625390083 1.7680485761092207e-16 1 -7.194593320616069e-16</Rotation>
<Translation>0.031966777067652802 -0.033807551280431114 0.0024999999999999745</Translation>
</Transform>
</Instance>
<Instance name="wirefemalered-1" uid="wirefemalered-1" grounded="true" entityUid="wirefemalered*:*Default">
<Transform>
<Rotation>-0.59065110625390083 0.80692705412635868 -2.027551404992505e-16 -0.80692705412635868 -0.59065110625390083 3.6752071222416884e-16 1.7680485761092207e-16 3.8068512347846202e-16 1</Rotation>
<Translation>0.036808339392410933 -0.037351457917954523 0.00250000000000003</Translation>
</Transform>
</Instance>
<Instance name="wirefemalered-3" uid="wirefemalered-3" grounded="true" entityUid="wirefemalered*:*Default">
<Transform>
<Rotation>-0.59065110625390072 -0.80692705412635857 2.278742287183136e-16 -0.80692705412635857 0.59065110625390072 -3.8590727786081323e-16 1.7680485761092207e-16 -4.1181444067090556e-16 -1</Rotation>
<Translation>0.041649901717169091 -0.040895364555477931 0.0024999999999999745</Translation>
</Transform>
</Instance>
<Instance name="J Plug-1" uid="J Plug-1" grounded="true" entityUid="J Plug*:*Default">
<Transform>
<Rotation>0.6700888729886989 0 -0.74228087830465883 0.74228087830465883 0 0.6700888729886989 0 -1 0</Rotation>
<Translation>0.015463944818983555 -0.074573271237150462 0.0012500000000000011</Translation>
</Transform>
</Instance>
<Instance name="Blackwiremalered-1" uid="Blackwiremalered-1" grounded="true" entityUid="Blackwiremalered*:*Default">
<Transform>
<Rotation>0 0 1 -1 -2.3255048927418103e-16 0 2.3255048927418103e-16 -1 0</Rotation>
<Translation>-0.050000000000000017 -0.035000000000000031 0.0024999999999999745</Translation>
</Transform>
</Instance>
<Instance name="REDwiremalered-1" uid="REDwiremalered-1" grounded="true" entityUid="REDwiremalered*:*Default">
<Transform>
<Rotation>0 0 1 -1 0 2.2204460492503099e-16 0 -1 0</Rotation>
<Translation>-0.059999999999999998 -0.035000000000000031 0.0024999999999999745</Translation>
</Transform>
</Instance>
<Instance name="Pièce1^TURNIGY - ESC Plush 30A-1" uid="Pièce1^TURNIGY - ESC Plush 30A-1" grounded="true" entityUid="Pièce1^TURNIGY - ESC Plush 30A*:*Default">
<Transform>
<Rotation>0 0 -1 0 1 0 1 0 0</Rotation>
<Translation>-0.0378 0 0</Translation>
</Transform>
</Instance>
</Instance>
<Instance name="400 mm-1-1" uid="400 mm-1-1" grounded="true" entityUid="400 mm-1*:*Default">
<Transform>
<Rotation>1 0 0 0 1 0 0 0 1</Rotation>
<Translation>0.1208687294521892 0.22542223389642949 0.098638811917676303</Translation>
</Transform>
</Instance>
<Instance name="400 mm-1-2" uid="400 mm-1-2" grounded="true" entityUid="400 mm-1*:*Default">
<Transform>
<Rotation>1 0 0 0 1 0 0 0 1</Rotation>
<Translation>0.200868729452189 0.22542223389643001 0.098638811917676303</Translation>
</Transform>
</Instance>
<Instance name="500 mm-1-2" uid="500 mm-1-2" grounded="true" entityUid="500 mm-1*:*Default">
<Transform>
<Rotation>-3.4914813388431353e-15 0 1 0 1 0 -1 0 -3.4914813388431353e-15</Rotation>
<Translation>-0.079131270547806304 0.22542223389642549 0.51863881191767702</Translation>
</Transform>
</Instance>
<Instance name="500 mm-1-1" uid="500 mm-1-1" grounded="true" entityUid="500 mm-1*:*Default">
<Transform>
<Rotation>-3.4914813388431353e-15 0 1 0 1 0 -1 0 -3.4914813388431353e-15</Rotation>
<Translation>-0.0791312705478079 0.22542223389642499 0.0986388119176764</Translation>
</Transform>
</Instance>
<Instance name="60 MM-1-3" uid="60 MM-1-3" grounded="true" entityUid="60 MM-1*:*Default">
<Transform>
<Rotation>-3.4914813388431353e-15 0 1 0 1 0 -1 0 -3.4914813388431353e-15</Rotation>
<Translation>0.140868729452193 0.22542223389642799 0.26863881191767597</Translation>
</Transform>
</Instance>
<Instance name="60 MM-1-4" uid="60 MM-1-4" grounded="true" entityUid="60 MM-1*:*Default">
<Transform>
<Rotation>-3.4914813388431353e-15 0 1 0 1 0 -1 0 -3.4914813388431353e-15</Rotation>
<Translation>0.1408687294521932 0.22542223389642799 0.34863881191767498</Translation>
</Transform>
</Instance>
<Instance name="200 MM-1-2" uid="200 MM-1-2" grounded="true" entityUid="200 MM-1*:*Default">
<Transform>
<Rotation>3.4914813388431353e-15 0 1 -6.9829626776862707e-15 -1 0 1 -6.9829626776862707e-15 -3.4914813388431353e-15</Rotation>
<Translation>0.22086872945219252 0.24542223389642898 0.14863881191767001</Translation>
</Transform>
</Instance>
<Instance name="50 MM-1-2" uid="50 MM-1-2" grounded="true" entityUid="50 MM-1*:*Default">
<Transform>
<Rotation>1 0 0 0 1 0 0 0 1</Rotation>
<Translation>-0.079131270547808205 0.22542223389642499 0.098638811917676095</Translation>
</Transform>
</Instance>
<Instance name="50 MM-1-3" uid="50 MM-1-3" grounded="true" entityUid="50 MM-1*:*Default">
<Transform>
<Rotation>1 0 0 0 1 0 0 0 1</Rotation>
<Translation>-0.079131270547816004 0.22542223389646049 0.44863881191766053</Translation>
</Transform>
</Instance>
<Instance name="200 MM-1-4" uid="200 MM-1-4" grounded="true" entityUid="200 MM-1*:*Default">
<Transform>
<Rotation>3.4914813388431353e-15 0 1 -6.9829626776862707e-15 -1 0 1 -6.9829626776862707e-15 -3.4914813388431353e-15</Rotation>
<Translation>-0.079131270547807497 0.2454222338964315 0.148638811917671</Translation>
</Transform>
</Instance>
<Instance name="50 MM-1-1" uid="50 MM-1-1" grounded="true" entityUid="50 MM-1*:*Default">
<Transform>
<Rotation>1 0 0 0 1 0 0 0 1</Rotation>
<Translation>0.40086872945218899 0.22542223389643051 0.098638811917676303</Translation>
</Transform>
</Instance>
<Instance name="200 MM-1-3" uid="200 MM-1-3" grounded="true" entityUid="200 MM-1*:*Default">
<Transform>
<Rotation>3.4914813388431353e-15 0 1 -6.9829626776862707e-15 -1 0 1 -6.9829626776862707e-15 -3.4914813388431353e-15</Rotation>
<Translation>-0.0791312705478147 0.24542223389644249 0.4286388119176705</Translation>
</Transform>
</Instance>
<Instance name="50 MM-1-4" uid="50 MM-1-4" grounded="true" entityUid="50 MM-1*:*Default">
<Transform>
<Rotation>1 0 0 0 1 0 0 0 1</Rotation>
<Translation>0.40086872945218899 0.22542223389645999 0.44863881191766053</Translation>
</Transform>
</Instance>
<Instance name="200 MM-1-1" uid="200 MM-1-1" grounded="true" entityUid="200 MM-1*:*Default">
<Transform>
<Rotation>3.4914813388431353e-15 0 1 -6.9829626776862707e-15 -1 0 1 -6.9829626776862707e-15 -3.4914813388431353e-15</Rotation>
<Translation>0.22086872945219352 0.245422233896438 0.4286388119176695</Translation>
</Transform>
</Instance>
<Instance name="60 MM-1-1" uid="60 MM-1-1" grounded="true" entityUid="60 MM-1*:*Default">
<Transform>
<Rotation>-3.4914813388431353e-15 0 1 0 1 0 -1 0 -3.4914813388431353e-15</Rotation>
<Translation>0.14086872945218501 0.22542223389643451 0.44863881191767602</Translation>
</Transform>
</Instance>
<Instance name="60 MM-1-2" uid="60 MM-1-2" grounded="true" entityUid="60 MM-1*:*Default">
<Transform>
<Rotation>-3.4914813388431353e-15 0 1 0 1 0 -1 0 -3.4914813388431353e-15</Rotation>
<Translation>0.1408687294521922 0.22542223389642749 0.16863881191767599</Translation>
</Transform>
</Instance>
<Instance name="plat 90 mm-1-4" uid="plat 90 mm-1-4" grounded="true" entityUid="plat 90 mm-1*:*Default">
<Transform>
<Rotation>1 0 0 0 1 0 0 0 1</Rotation>
<Translation>0.37586872945219202 0.221422233896441 0.47363881191766899</Translation>
</Transform>
</Instance>
<Instance name="plat 90 mm-1-8" uid="plat 90 mm-1-8" grounded="true" entityUid="plat 90 mm-1*:*Default">
<Transform>
<Rotation>1 0 0 0 1 0 0 0 1</Rotation>
<Translation>0.37586872945219202 0.22142223389642748 0.1236388119176688</Translation>
</Transform>
</Instance>
<Instance name="plat 90 mm-1-6" uid="plat 90 mm-1-6" grounded="true" entityUid="plat 90 mm-1*:*Default">
<Transform>
<Rotation>1 0 0 0 1 0 0 0 1</Rotation>
<Translation>0.37586872945219202 0.24542223389642498 0.12363881191767601</Translation>
</Transform>
</Instance>
<Instance name="150 mm-1-3" uid="150 mm-1-3" grounded="true" entityUid="150 mm-1*:*Default">
<Transform>
<Rotation>-0.86602540378445736 -1.3133757798408063e-15 0.49999999999996758 0.49999999999996758 7.9215752541232763e-16 0.86602540378445736 -1.5334955527634989e-15 1 0</Rotation>
<Translation>0.069347420068415405 0.096184708371247402 0.19363881191767651</Translation>
</Transform>
</Instance>
<Instance name="plat 90 mm-1-7" uid="plat 90 mm-1-7" grounded="true" entityUid="plat 90 mm-1*:*Default">
<Transform>
<Rotation>1 0 0 0 1 0 0 0 1</Rotation>
<Translation>-0.034131270547813751 0.24542223389642898 0.12363881191767681</Translation>
</Transform>
</Instance>
<Instance name="150 mm-1-1" uid="150 mm-1-1" grounded="true" entityUid="150 mm-1*:*Default">
<Transform>
<Rotation>-0.8660254037844578 -2.4527906239972648e-14 0.49999999999996686 0.49999999999996686 3.1762584960890198e-14 0.8660254037844578 -3.7123082385903647e-14 1 -1.5243252346007549e-14</Rotation>
<Translation>0.06934742006840651 0.096184708371259309 0.38363881191767502</Translation>
</Transform>
</Instance>
<Instance name="plat 90 mm-1-3" uid="plat 90 mm-1-3" grounded="true" entityUid="plat 90 mm-1*:*Default">
<Transform>
<Rotation>1 0 0 0 1 0 0 0 1</Rotation>
<Translation>-0.034131270547813349 0.221422233896407 0.47363881191768398</Translation>
</Transform>
</Instance>
<Instance name="150 mm-1-4" uid="150 mm-1-4" grounded="true" entityUid="150 mm-1*:*Default">
<Transform>
<Rotation>0.86602540378442527 -1.2545578408110921e-14 -0.5000000000000232 0.5000000000000232 6.7678220423724104e-16 0.86602540378442527 -1.0526398504474804e-14 -1 6.8588997857544235e-15</Rotation>
<Translation>0.27239003883597701 0.096184708371251301 0.40363881191767248</Translation>
</Transform>
</Instance>
<Instance name="150 mm-1-2" uid="150 mm-1-2" grounded="true" entityUid="150 mm-1*:*Default">
<Transform>
<Rotation>0.86602540378442527 -1.2545578408110921e-14 -0.5000000000000232 0.5000000000000232 6.7678220423724104e-16 0.86602540378442527 -1.0526398504474804e-14 -1 6.8588997857544235e-15</Rotation>
<Translation>0.27239003883597451 0.096184708371251204 0.21363881191767251</Translation>
</Transform>
</Instance>
<Instance name="plat 90 mm-1-1" uid="plat 90 mm-1-1" grounded="true" entityUid="plat 90 mm-1*:*Default">
<Transform>
<Rotation>1 0 0 0 1 0 0 0 1</Rotation>
<Translation>-0.034131270547815347 0.22142223389642249 0.12363881191767601</Translation>
</Transform>
</Instance>
<Instance name="plat 90 mm-1-5" uid="plat 90 mm-1-5" grounded="true" entityUid="plat 90 mm-1*:*Default">
<Transform>
<Rotation>1 0 0 0 1 0 0 0 1</Rotation>
<Translation>0.37586872945218952 0.24542223389645948 0.473638811917661</Translation>
</Transform>
</Instance>
<Instance name="plat 90 mm-1-2" uid="plat 90 mm-1-2" grounded="true" entityUid="plat 90 mm-1*:*Default">
<Transform>
<Rotation>1 0 0 0 1 0 0 0 1</Rotation>
<Translation>-0.03413127054782155 0.24542223389642598 0.47363881191767598</Translation>
</Transform>
</Instance>
<Instance name="Propeller 10x45-4" uid="Propeller 10x45-4" entityUid="Propeller 10x45*:*Default">
<Transform>
<Rotation>0.79510701961178964 -1.1275780737540981e-14 -0.60646914790783668 8.7550862060953925e-15 1 -7.1142122441879897e-15 0.60646914790783668 3.4687042309168352e-16 0.79510701961178964</Rotation>
<Translation>0.37586872945216188 0.16632223389632189 0.12363881191768994</Translation>
</Transform>
</Instance>
<Instance name="D3548 - Moteur Brushless-5" uid="D3548 - Moteur Brushless-5" grounded="true" entityUid="D3548 - Moteur Brushless*:*Default">
<Transform>
<Rotation>-0.704882821333779 -2.0410746020053952e-14 0.70932376823882892 3.1036457845930202e-14 -1 2.0672082570036249e-15 0.70932376823882892 2.3472036820542e-14 0.704882821333779</Rotation>
<Translation>-0.034131270547811399 0.21942223389642648 0.1236388119176708</Translation>
</Transform>
</Instance>
<Instance name="Propeller 10x45-6" uid="Propeller 10x45-6" entityUid="Propeller 10x45*:*Default">
<Transform>
<Rotation>-0.53309875625224179 -1.92193220350617e-15 0.84605302202776467 5.3277205967251922e-14 1 3.584165962620664e-14 -0.84605302202776467 6.4182485282536098e-14 -0.53309875625224179</Rotation>
<Translation>0.37586872945218908 0.30452223389646055 0.47363881191768048</Translation>
</Transform>
</Instance>
<Instance name="Propeller 10x45-7" uid="Propeller 10x45-7" entityUid="Propeller 10x45*:*Default">
<Transform>
<Rotation>0.645933799377295 2.2387665390395758e-14 -0.76339342859498882 -1.472970455252731e-14 1 1.6863193843271257e-14 0.76339342859498882 3.5205279172502671e-16 0.645933799377295</Rotation>
<Translation>-0.034131270547864023 0.16632223389635872 0.47363881191762536</Translation>
</Transform>
</Instance>
<Instance name="Propeller 10x45-8" uid="Propeller 10x45-8" entityUid="Propeller 10x45*:*Default">
<Transform>
<Rotation>-0.065503009896078962 2.2339312797646468e-14 -0.99785237169360608 1.0646269632273513e-15 1 2.2317506235257511e-14 0.99785237169360608 3.9952329155850553e-16 -0.065503009896078962</Rotation>
<Translation>-0.034131270547778814 0.30452223389643579 0.4736388119176892</Translation>
</Transform>
</Instance>
<Instance name="D3548 - Moteur Brushless-8" uid="D3548 - Moteur Brushless-8" grounded="true" entityUid="D3548 - Moteur Brushless*:*Default">
<Transform>
<Rotation>0.84833307172035377 -1.6673766305190351e-15 0.52946293489299989 3.5379050045142739e-14 1 -5.3536970580487388e-14 -0.52946293489299989 6.4149078373774703e-14 0.84833307172035377</Rotation>
<Translation>0.37586872945218902 0.25142223389642998 0.47363881191767698</Translation>
</Transform>
</Instance>
<Instance name="D3548 - Moteur Brushless-2" uid="D3548 - Moteur Brushless-2" grounded="true" entityUid="D3548 - Moteur Brushless*:*Default">
<Transform>
<Rotation>-0.12856021310823701 2.254197249945425e-14 0.99170170495243426 3.0144003864049208e-15 1 -2.2339822985831307e-14 -0.99170170495243426 1.1737359874825318e-16 -0.12856021310823701</Rotation>
<Translation>-0.034131270547805251 0.25142223389641299 0.47363881191768398</Translation>
</Transform>
</Instance>
<Instance name="D3548 - Moteur Brushless-7" uid="D3548 - Moteur Brushless-7" grounded="true" entityUid="D3548 - Moteur Brushless*:*Default">
<Transform>
<Rotation>-0.90956777393465305 1.1224681315144061e-14 0.415555609539277 -1.0258383654313122e-14 -1 4.5577200428666403e-15 0.415555609539277 -1.173735987482856e-16 0.90956777393465305</Rotation>
<Translation>0.37586872945218852 0.21942223389643201 0.12363881191767141</Translation>
</Transform>
</Instance>
<Instance name="D3548 - Moteur Brushless-1" uid="D3548 - Moteur Brushless-1" grounded="true" entityUid="D3548 - Moteur Brushless*:*Default">
<Transform>
<Rotation>0.6789508998933157 -1.1259624642740221e-14 -0.7341836796974287 7.4723847223927162e-15 1 -8.4260144732066184e-15 0.7341836796974287 2.3474719749660453e-16 0.6789508998933157</Rotation>
<Translation>0.37586872945218852 0.25142223389643348 0.12363881191766901</Translation>
</Transform>
</Instance>
<Instance name="D3548 - Moteur Brushless-4" uid="D3548 - Moteur Brushless-4" grounded="true" entityUid="D3548 - Moteur Brushless*:*Default">
<Transform>
<Rotation>-0.92721238436277553 1.1326476256910941e-14 -0.37453597194968685 1.3457195535814794e-15 -1 -3.3572860912168837e-14 -0.37453597194968685 -3.16331927972242e-14 0.92721238436277553</Rotation>
<Translation>0.37586872945218952 0.21942223389642848 0.47363881191767498</Translation>
</Transform>
</Instance>
<Instance name="D3548 - Moteur Brushless-3" uid="D3548 - Moteur Brushless-3" grounded="true" entityUid="D3548 - Moteur Brushless*:*Default">
<Transform>
<Rotation>-0.75923159204034962 -2.2373325943516651e-14 0.65082055103375169 1.6910146725119596e-14 -1 -1.4650134063258416e-14 0.65082055103375169 -1.1737359874831099e-16 0.75923159204034962</Rotation>
<Translation>-0.034131270547806 0.219422233896408 0.47363881191768398</Translation>
</Transform>
</Instance>
<Instance name="Propeller 10x45-2" uid="Propeller 10x45-2" entityUid="Propeller 10x45*:*Default">
<Transform>
<Rotation>0.93937144733127576 -1.1253209666108039e-14 -0.34290127433234185 1.0529565926949233e-14 1 -3.9720939625892508e-15 0.34290127433234185 1.2067008005598995e-16 0.93937144733127576</Rotation>
<Translation>0.37586872945218802 0.30452223389646405 0.12363881191766898</Translation>
</Transform>
</Instance>
<Instance name="D3548 - Moteur Brushless-6" uid="D3548 - Moteur Brushless-6" grounded="true" entityUid="D3548 - Moteur Brushless*:*Default">
<Transform>
<Rotation>0.243319741839193 -1.1361419584507122e-14 -0.96994613419060993 2.6506116118670953e-15 1 -1.1048524318656341e-14 0.96994613419060993 1.1737359874828158e-16 0.243319741839193</Rotation>
<Translation>-0.03413127054781645 0.25142223389642848 0.12363881191767681</Translation>
</Transform>
</Instance>
<Instance name="Propeller 10x45-3" uid="Propeller 10x45-3" entityUid="Propeller 10x45*:*Default">
<Transform>
<Rotation>-0.074941232181250844 2.0443764518090146e-14 -0.99718795205274935 2.4705980978907135e-14 1 1.86446976450241e-14 0.99718795205274935 -2.3239249960645588e-14 -0.074941232181250844</Rotation>
<Translation>-0.034131270547812426 0.16632223389639589 0.12363881191767204</Translation>
</Transform>
</Instance>
<Instance name="Propeller 10x45-1" uid="Propeller 10x45-1" entityUid="Propeller 10x45*:*Default">
<Transform>
<Rotation>0.1300588660831965 -1.1528227216648805e-14 0.99150627398577429 3.2983564960464517e-14 1 7.3004300108071682e-15 -0.99150627398577429 3.1753925947592616e-14 0.1300588660831965</Rotation>
<Translation>0.37586872945219013 0.166322233896398 0.47363881191767321</Translation>
</Transform>
</Instance>
<Instance name="Propeller 10x45-5" uid="Propeller 10x45-5" entityUid="Propeller 10x45*:*Default">
<Transform>
<Rotation>-0.79700027855414235 -1.1249004191320292e-14 0.6039789367060906 -8.9343311801103608e-15 1 6.8352379548068693e-15 -0.6039789367060906 0 -0.79700027855414235</Rotation>
<Translation>-0.034131270547824569 0.30452223389645938 0.12363881191767878</Translation>
</Transform>
</Instance>
<Instance name="plate middle-1-1" uid="plate middle-1-1" grounded="true" entityUid="plate middle-1*:*Default">
<Transform>
<Rotation>1 0 0 0 1 0 0 0 1</Rotation>
<Translation>0.17086872945218401 0.245422233896432 0.29863881191767649</Translation>
</Transform>
</Instance>
<Instance name="PM03D Power Module-1" uid="PM03D Power Module-1" grounded="true" entityUid="PM03D Power Module*:*Default">
<Transform>
<Rotation>1 0 0 0 1 0 0 0 1</Rotation>
<Translation>0.15970819937932249 0.19490002205735052 0.2379888598110895</Translation>
</Transform>
</Instance>
<Instance name="Battery.stp-1" uid="Battery.stp-1" grounded="true" entityUid="Battery.stp*:*Default">
<Transform>
<Rotation>-0.99984769515639149 0 0.01745240643727726 0 1 0 -0.01745240643727726 0 -0.99984769515639149</Rotation>
<Translation>0.17127755227641248 0.20017223389643848 0.25658802763002997</Translation>
</Transform>
</Instance>
<Instance name="pixhawk-1" uid="pixhawk-1" grounded="true" entityUid="pixhawk*:*Default">
<Transform>
<Rotation>-0.99984769515639127 0 -0.017452406437290055 0 1 0 0.017452406437290055 0 -0.99984769515639127</Rotation>
<Translation>0.172969307669918 0.248922233896432 0.198774862945377</Translation>
</Transform>
</Instance>
<Instance name="450 MM-1-2" uid="450 MM-1-2" grounded="true" entityUid="450 MM-1*:*Default">
<Transform>
<Rotation>1 0 0 0 1 0 0 0 1</Rotation>
<Translation>0.26661653614407854 0.086184708371242091 0.17363881191767599</Translation>
</Transform>
</Instance>
<Instance name="450 MM-1-1" uid="450 MM-1-1" grounded="true" entityUid="450 MM-1*:*Default">
<Transform>
<Rotation>1 0 0 0 1 0 0 0 1</Rotation>
<Translation>0.0551209227603148 0.086184708371244798 0.17363881191767649</Translation>
</Transform>
</Instance>
</InstanceTree>
<Constraints>
<Coincident name="Coincident1">
<ConstraintGeometry geomType="plane">
<InstancePath>
<Uid>D3548 - Moteur Brushless-4</Uid>
</InstancePath>
<Position>0.0042322482271278661 0.048100000000030507 -0.0026623438816150702</Position>
<Axis>0 1 0</Axis>
</ConstraintGeometry>
<ConstraintGeometry geomType="plane">
<InstancePath>
<Uid>Propeller 10x45-1</Uid>
</InstancePath>
<Position>0 0.0050000000000000044 0</Position>
<Axis>0 1 0</Axis>
</ConstraintGeometry>
</Coincident>
<Concentric name="Concentric1">
<ConstraintGeometry geomType="circle">
<InstancePath>
<Uid>D3548 - Moteur Brushless-4</Uid>
</InstancePath>
<Position>1.1102230246251565e-16 0.064400000000030516 0</Position>
<Axis>1.4184708060630613e-16 -1 1.8750826402182202e-16</Axis>
</ConstraintGeometry>
<ConstraintGeometry geomType="circle">
<InstancePath>
<Uid>Propeller 10x45-1</Uid>
</InstancePath>
<Position>0 0.0050000000000000044 0</Position>
<Axis>0 1 0</Axis>
</ConstraintGeometry>
</Concentric>
<Coincident name="Coincident2">
<ConstraintGeometry geomType="plane">
<InstancePath>
<Uid>D3548 - Moteur Brushless-1</Uid>
</InstancePath>
<Position>0.0042322482271277551 0.048100000000030507 -0.0026623438816151257</Position>
<Axis>0 1 0</Axis>
</ConstraintGeometry>
<ConstraintGeometry geomType="plane">
<InstancePath>
<Uid>Propeller 10x45-2</Uid>
</InstancePath>
<Position>0 -0.0050000000000000044 0</Position>
<Axis>0 -1 0</Axis>
</ConstraintGeometry>
</Coincident>
<Concentric name="Concentric2">
<ConstraintGeometry geomType="circle">
<InstancePath>
<Uid>D3548 - Moteur Brushless-1</Uid>
</InstancePath>
<Position>0 0.064400000000030488 0</Position>
<Axis>1.4184708060626136e-16 -1 1.8750826402184325e-16</Axis>
</ConstraintGeometry>
<ConstraintGeometry geomType="circle">
<InstancePath>
<Uid>Propeller 10x45-2</Uid>
</InstancePath>
<Position>0 -0.0050000000000000044 0</Position>
<Axis>0 1 0</Axis>
</ConstraintGeometry>
</Concentric>
<Coincident name="Coincident3">
<ConstraintGeometry geomType="plane">
<InstancePath>
<Uid>D3548 - Moteur Brushless-5</Uid>
</InstancePath>
<Position>0.0042322482271278383 0.048100000000030507 -0.0026623438816151049</Position>
<Axis>0 1 0</Axis>
</ConstraintGeometry>
<ConstraintGeometry geomType="plane">
<InstancePath>
<Uid>Propeller 10x45-3</Uid>
</InstancePath>
<Position>0 0.0050000000000000044 0</Position>
<Axis>0 1 0</Axis>
</ConstraintGeometry>
</Coincident>
<Concentric name="Concentric4">
<ConstraintGeometry geomType="circle">
<InstancePath>
<Uid>D3548 - Moteur Brushless-5</Uid>
</InstancePath>
<Position>0 0.064400000000030516 0</Position>
<Axis>1.4184708060624775e-16 -1 1.8750826402182518e-16</Axis>
</ConstraintGeometry>
<ConstraintGeometry geomType="circle">
<InstancePath>
<Uid>Propeller 10x45-3</Uid>
</InstancePath>
<Position>0 -0.0050000000000000044 0</Position>
<Axis>0 1 0</Axis>
</ConstraintGeometry>
</Concentric>
<Coincident name="Coincident4">
<ConstraintGeometry geomType="plane">
<InstancePath>
<Uid>D3548 - Moteur Brushless-7</Uid>
</InstancePath>
<Position>0.0042322482271278661 0.048100000000030507 -0.0026623438816151257</Position>
<Axis>0 1 0</Axis>
</ConstraintGeometry>
<ConstraintGeometry geomType="plane">
<InstancePath>
<Uid>Propeller 10x45-4</Uid>
</InstancePath>
<Position>0 0.0050000000000000044 0</Position>
<Axis>0 1 0</Axis>
</ConstraintGeometry>
</Coincident>
<Concentric name="Concentric5">
<ConstraintGeometry geomType="circle">
<InstancePath>
<Uid>D3548 - Moteur Brushless-7</Uid>
</InstancePath>
<Position>0 0.064400000000030488 0</Position>
<Axis>1.4184708060628475e-16 -1 1.875082640218341e-16</Axis>
</ConstraintGeometry>
<ConstraintGeometry geomType="circle">
<InstancePath>
<Uid>Propeller 10x45-4</Uid>
</InstancePath>
<Position>0 -0.0050000000000000044 0</Position>
<Axis>0 1 0</Axis>
</ConstraintGeometry>
</Concentric>
<Coincident name="Coincident5">
<ConstraintGeometry geomType="plane">
<InstancePath>
<Uid>D3548 - Moteur Brushless-6</Uid>
</InstancePath>
<Position>0.0042322482271278244 0.048100000000030507 -0.0026623438816150979</Position>
<Axis>0 1 0</Axis>
</ConstraintGeometry>
<ConstraintGeometry geomType="plane">
<InstancePath>
<Uid>Propeller 10x45-5</Uid>
</InstancePath>
<Position>0 -0.0050000000000000044 0</Position>
<Axis>0 -1 0</Axis>
</ConstraintGeometry>
</Coincident>
<Concentric name="Concentric6">
<ConstraintGeometry geomType="circle">
<InstancePath>
<Uid>D3548 - Moteur Brushless-6</Uid>
</InstancePath>
<Position>0 0.064400000000030488 0</Position>
<Axis>1.4184708060626037e-16 -1 1.8750826402184359e-16</Axis>
</ConstraintGeometry>
<ConstraintGeometry geomType="circle">
<InstancePath>
<Uid>Propeller 10x45-5</Uid>
</InstancePath>
<Position>0 -0.0050000000000000044 0</Position>
<Axis>0 1 0</Axis>
</ConstraintGeometry>
</Concentric>
<Coincident name="Coincident6">
<ConstraintGeometry geomType="plane">
<InstancePath>
<Uid>D3548 - Moteur Brushless-8</Uid>
</InstancePath>
<Position>0.0042322482271278661 0.048100000000030507 -0.0026623438816152367</Position>
<Axis>0 1 0</Axis>
</ConstraintGeometry>
<ConstraintGeometry geomType="plane">
<InstancePath>
<Uid>Propeller 10x45-6</Uid>
</InstancePath>
<Position>0 -0.0050000000000000044 0</Position>
<Axis>0 -1 0</Axis>
</ConstraintGeometry>
</Coincident>
<Concentric name="Concentric7">
<ConstraintGeometry geomType="circle">
<InstancePath>
<Uid>D3548 - Moteur Brushless-8</Uid>
</InstancePath>
<Position>0 0.064600000000030522 0</Position>
<Axis>1.4184708060629508e-16 -1 1.8750826402182833e-16</Axis>
</ConstraintGeometry>
<ConstraintGeometry geomType="circle">
<InstancePath>
<Uid>Propeller 10x45-6</Uid>
</InstancePath>
<Position>-1.1102230246251565e-16 0.0050000000000000044 0</Position>
<Axis>0 1 0</Axis>
</ConstraintGeometry>
</Concentric>
<Coincident name="Coincident8">
<ConstraintGeometry geomType="plane">
<InstancePath>
<Uid>D3548 - Moteur Brushless-3</Uid>
</InstancePath>
<Position>0.0042322482271278106 0.048100000000030479 -0.0026623438816151257</Position>
<Axis>0 1 0</Axis>
</ConstraintGeometry>
<ConstraintGeometry geomType="plane">
<InstancePath>
<Uid>Propeller 10x45-7</Uid>
</InstancePath>
<Position>0 0.0050000000000000044 0</Position>
<Axis>0 1 0</Axis>
</ConstraintGeometry>
</Coincident>
<Concentric name="Concentric8">
<ConstraintGeometry geomType="circle">
<InstancePath>
<Uid>D3548 - Moteur Brushless-3</Uid>
</InstancePath>
<Position>0 0.064600000000030494 0</Position>
<Axis>1.4184708060624889e-16 -1 1.8750826402184781e-16</Axis>
</ConstraintGeometry>
<ConstraintGeometry geomType="circle">
<InstancePath>
<Uid>Propeller 10x45-7</Uid>
</InstancePath>
<Position>0 -0.0050000000000000044 0</Position>
<Axis>0 1 0</Axis>
</ConstraintGeometry>
</Concentric>
<Coincident name="Coincident9">
<ConstraintGeometry geomType="plane">
<InstancePath>
<Uid>D3548 - Moteur Brushless-2</Uid>
</InstancePath>
<Position>0.0042322482271278106 0.048100000000030507 -0.0026623438816151257</Position>
<Axis>0 1 0</Axis>
</ConstraintGeometry>
<ConstraintGeometry geomType="plane">
<InstancePath>
<Uid>Propeller 10x45-8</Uid>
</InstancePath>
<Position>0 -0.0050000000000000044 0</Position>
<Axis>0 -1 0</Axis>
</ConstraintGeometry>
</Coincident>
<Concentric name="Concentric9">
<ConstraintGeometry geomType="circle">
<InstancePath>
<Uid>D3548 - Moteur Brushless-2</Uid>
</InstancePath>
<Position>0 0.064600000000030522 0</Position>
<Axis>1.4184708060624839e-16 -1 1.875082640218378e-16</Axis>
</ConstraintGeometry>
<ConstraintGeometry geomType="circle">
<InstancePath>
<Uid>Propeller 10x45-8</Uid>
</InstancePath>
<Position>0 0.0050000000000000044 0</Position>
<Axis>0 1 0</Axis>
</ConstraintGeometry>
</Concentric>
</Constraints>
</RootAssembly>
<Assemblies>
<Assembly name="Assembly" uid="Assembly" version="103">
<ModelUnits mass="kilogram" length="meter"/>
<AssemblyFile name="Assembly.sldasm" type="SolidWorks Assembly"/>
</Assembly>
<Assembly name="TURNIGY - ESC Plush 30A" uid="TURNIGY - ESC Plush 30A" version="103">
<ModelUnits mass="kilogram" length="meter"/>
<AssemblyFile name="TURNIGY - ESC Plush 30A.sldasm" type="SolidWorks Assembly"/>
</Assembly>
<Assembly name="Cable_2-SA_ESC plush 30A (RENDER)" uid="Cable_2-SA_ESC plush 30A (RENDER)" version="103">
<ModelUnits mass="kilogram" length="meter"/>
<AssemblyFile name="Cable_2-SA_ESC plush 30A (RENDER).sldasm" type="SolidWorks Assembly"/>
</Assembly>
<Assembly name="Cable_1-SA_ESC plush 30A (RENDER)" uid="Cable_1-SA_ESC plush 30A (RENDER)" version="103">
<ModelUnits mass="kilogram" length="meter"/>
<AssemblyFile name="Cable_1-SA_ESC plush 30A (RENDER).sldasm" type="SolidWorks Assembly"/>
</Assembly>
<Assembly name="Cable_3-SA_ESC plush 30A (RENDER)" uid="Cable_3-SA_ESC plush 30A (RENDER)" version="103">
<ModelUnits mass="kilogram" length="meter"/>
<AssemblyFile name="Cable_3-SA_ESC plush 30A (RENDER).sldasm" type="SolidWorks Assembly"/>
</Assembly>
<Assembly name="Cable_5-SA_ESC plush 30A (RENDER)" uid="Cable_5-SA_ESC plush 30A (RENDER)" version="103">
<ModelUnits mass="kilogram" length="meter"/>
<AssemblyFile name="Cable_5-SA_ESC plush 30A (RENDER).sldasm" type="SolidWorks Assembly"/>
</Assembly>
<Assembly name="Cable_4-SA_ESC plush 30A (RENDER)" uid="Cable_4-SA_ESC plush 30A (RENDER)" version="103">
<ModelUnits mass="kilogram" length="meter"/>
<AssemblyFile name="Cable_4-SA_ESC plush 30A (RENDER).sldasm" type="SolidWorks Assembly"/>
</Assembly>
</Assemblies>
<Parts>
<Part name="150 mm-1" uid="150 mm-1*:*Default" version="104">
<ModelUnits mass="kilogram" length="meter"/>
<PartFile name="150 mm-1.sldprt" type="SolidWorks Part"/>
<MassProperties>
<Mass>0.02365512341648934</Mass>
<CenterOfMass>0.009999973566605664 0.010000000319317774 0.074615335412691108</CenterOfMass>
<Inertia>3.8720540242128894e-05 3.8720525181906835e-05 2.0270800350300944e-06 -2.3449736118912667e-11 5.8516325443513759e-07 -4.524724820806739e-14</Inertia>
</MassProperties>
<GeometryFile name="150 mm-1_Default_sldprt.STEP" type="STEP"/>
<VisualProperties>
<Ambient r="0.89803921568627454" g="0.9137254901960784" b="0.92549019607843142" a="1"/>
<Diffuse r="0.89803921568627454" g="0.9137254901960784" b="0.92549019607843142" a="1"/>
<Specular r="0.44901960784313727" g="0.4568627450980392" b="0.46274509803921571" a="1"/>
<Emissive r="0" g="0" b="0" a="1"/>
<Shininess>0.40000000596046448</Shininess>
</VisualProperties>
</Part>
<Part name="200 MM-1" uid="200 MM-1*:*Default" version="104">
<ModelUnits mass="kilogram" length="meter"/>
<PartFile name="200 MM-1.sldprt" type="SolidWorks Part"/>
<MassProperties>
<Mass>0.034361009183013748</Mass>
<CenterOfMass>0.009999999999999995 0.0099999999999999343 0.10000000000000001</CenterOfMass>
<Inertia>0.00011600896595356085 0.00011600896595356084 2.9445373536969826e-06 0 0 0</Inertia>
</MassProperties>
<GeometryFile name="200 MM-1_Default_sldprt.STEP" type="STEP"/>
<VisualProperties>
<Ambient r="0.89803921568627454" g="0.9137254901960784" b="0.92549019607843142" a="1"/>
<Diffuse r="0.89803921568627454" g="0.9137254901960784" b="0.92549019607843142" a="1"/>
<Specular r="0.44901960784313727" g="0.4568627450980392" b="0.46274509803921571" a="1"/>
<Emissive r="0" g="0" b="0" a="1"/>
<Shininess>0.40000000596046448</Shininess>
</VisualProperties>
</Part>
<Part name="400 mm-1" uid="400 mm-1*:*Default" version="104">
<ModelUnits mass="kilogram" length="meter"/>
<PartFile name="400 mm-1.sldprt" type="SolidWorks Part"/>
<MassProperties>
<Mass>0.068722018366027482</Mass>
<CenterOfMass>0.0099999999999999933 0.009999999999999936 0.20000000000000004</CenterOfMass>
<Inertia>0.00091923811556739545 0.00091923811556739545 5.8890747073939651e-06 0 0 0</Inertia>
</MassProperties>
<GeometryFile name="400 mm-1_Default_sldprt.STEP" type="STEP"/>
<VisualProperties>
<Ambient r="0.89803921568627454" g="0.9137254901960784" b="0.92549019607843142" a="1"/>
<Diffuse r="0.89803921568627454" g="0.9137254901960784" b="0.92549019607843142" a="1"/>
<Specular r="0.44901960784313727" g="0.4568627450980392" b="0.46274509803921571" a="1"/>
<Emissive r="0" g="0" b="0" a="1"/>
<Shininess>0.40000000596046448</Shininess>
</VisualProperties>
</Part>
<Part name="450 MM-1" uid="450 MM-1*:*Default" version="104">
<ModelUnits mass="kilogram" length="meter"/>
<PartFile name="450 MM-1.sldprt" type="SolidWorks Part"/>
<MassProperties>
<Mass>0.04295126147876719</Mass>
<CenterOfMass>0.0099999999999999933 0.009999999999999936 0.125</CenterOfMass>
<Inertia>0.00022554482271463936 0.00022554482271463936 3.6806716921212273e-06 0 0 0</Inertia>
</MassProperties>
<GeometryFile name="450 MM-1_Default_sldprt.STEP" type="STEP"/>
<VisualProperties>
<Ambient r="0.89803921568627454" g="0.9137254901960784" b="0.92549019607843142" a="1"/>
<Diffuse r="0.89803921568627454" g="0.9137254901960784" b="0.92549019607843142" a="1"/>
<Specular r="0.44901960784313727" g="0.4568627450980392" b="0.46274509803921571" a="1"/>
<Emissive r="0" g="0" b="0" a="1"/>
<Shininess>0.40000000596046448</Shininess>
</VisualProperties>
</Part>
<Part name="50 MM-1" uid="50 MM-1*:*Default" version="104">
<ModelUnits mass="kilogram" length="meter"/>
<PartFile name="50 MM-1.sldprt" type="SolidWorks Part"/>
<MassProperties>
<Mass>0.008590252295753437</Mass>
<CenterOfMass>0.009999999999999995 0.009999999999999936 0.025000000000000001</CenterOfMass>
<Inertia>2.1577030641607539e-06 2.1577030641607531e-06 7.3613433842424564e-07 0 0 0</Inertia>
</MassProperties>
<GeometryFile name="50 MM-1_Default_sldprt.STEP" type="STEP"/>
<VisualProperties>
<Ambient r="0.89803921568627454" g="0.9137254901960784" b="0.92549019607843142" a="1"/>
<Diffuse r="0.89803921568627454" g="0.9137254901960784" b="0.92549019607843142" a="1"/>
<Specular r="0.44901960784313727" g="0.4568627450980392" b="0.46274509803921571" a="1"/>
<Emissive r="0" g="0" b="0" a="1"/>
<Shininess>0.40000000596046448</Shininess>
</VisualProperties>
</Part>
